1 0 804
2 804 1107
3 1911 2950
4 4861 4416
5 9277 9700
6 18977 2215
7 21192 3174
8 24366 2119
9 26485 2298
10 28783 26855
11 55638 1914
12 57552 1794
13 59346 5361
14 64707 5452
15 70159 2520
16 72679 3415
17 76094 4800
18 80894 3750
19 84644 3384
20 88028 15424
21 103452 4156
22 107608 3598
23 111206 10180
24 121386 1697
25 123083 1520
26 124603 5867
27 130470 10919
28 141389 5230
29 146619 3861
30 150480 2217
31 152697 1334
32 154031 692
33 154723 1554
34 156277 4647
35 160924 2757
36 163681 1971
37 165652 8760
38 174412 6256
39 180668 5196
40 185864 1988
41 187852 6489
42 194341 2988
43 197329 2954
44 200283 7492
45 207775 1716
46 209491 2051
47 211542 2605
48 214147 1720
49 215867 1627
50 217494 10840
51 228334 7593
52 235927 3390
53 239317 3063
54 242380 1923
55 244303 5586
56 249889 8173
57 258062 3218
58 261280 607
59 261887 3671
60 265558 5109
61 270667 6936
62 277603 948
63 278551 2389
64 280940 4361
65 285301 3579
66 288880 2919
67 291799 5652
68 297451 5115
69 302566 7327
70 309893 1152
71 311045 3953
72 314998 1372
73 316370 7346
74 323716 3311
75 327027 4400
76 331427 4883
77 336310 2364
78 338674 6061
79 344735 2302
80 347037 1734
81 348771 15258
82 364029 9325
83 373354 5423
84 378777 1399
85 380176 5670
86 385846 1415
87 387261 4660
88 391921 4613
89 396534 9735
90 406269 1753
91 408022 3490
92 411512 15722
93 427234 9623
94 436857 3935
95 440792 7873
96 448665 13797
97 462462 3815
98 466277 14116
99 480393 5429
100 485822 1609
101 487431 3079
102 490510 1189
103 491699 603
104 492302 1531
105 493833 1655
106 495488 1589
107 497077 8840
108 505917 7749
109 513666 4461
110 518127 2949
111 521076 632
112 521708 7714
113 529422 4051
114 533473 12378
115 545851 4893
116 550744 2551
117 553295 3928
118 557223 6260
119 563483 2648
120 566131 330
121 566461 2358
122 568819 3861
123 572680 2828
124 575508 13509
125 589017 7880
126 596897 1937
127 598834 2809
128 601643 1960
129 603603 1878
130 605481 3484
131 608965 2239
132 611204 3057
133 614261 2019
134 616280 1857
135 618137 2219
136 620356 2945
137 623301 2864
138 626165 1958
139 628123 2606
140 630729 3331
141 634060 2197
142 636257 1938
143 638195 1801
144 639996 2113
145 642109 4482
146 646591 3908
147 650499 3790
148 654289 3001
149 657290 2481
150 659771 2596
151 662367 2361
152 664728 2402
153 667130 345
154 667475 5853
155 673328 9916
156 683244 2822
157 686066 992
158 687058 4453
159 691511 7155
160 698666 330
161 698996 3193
162 702189 2676
163 704865 2408
164 707273 2627
165 709900 3571
166 713471 4358
167 717829 2609
168 720438 4984
169 725422 2746
170 728168 8221
171 736389 2765
172 739154 6272
173 745426 2462
174 747888 1246
175 749134 17742
176 766876 9807
177 776683 2965
178 779648 3253
179 782901 5876
180 788777 3477
181 792254 1967
182 794221 3073
183 797294 4488
184 801782 4340
185 806122 3716
186 809838 3000
187 812838 24419
188 837257 11259
189 848516 16237
190 864753 30544
191 895297 3791
192 899088 3761
193 902849 1654
194 904503 2705
195 907208 2690
196 909898 535
197 910433 4148
198 914581 6062
199 920643 1753
200 922396 3576
201 925972 2463
202 928435 6014
203 934449 5755
204 940204 7740
205 947944 4929
206 952873 924
207 953797 1286
208 955083 2046
209 957129 4064
210 961193 3502
211 964695 621
212 965316 4050
213 969366 2906
214 972272 2855
215 975127 3494
216 978621 5591
217 984212 4628
218 988840 5075
219 993915 2718
220 996633 9106
221 1005739 9343
222 1015082 5537
223 1020619 2039
224 1022658 7341
225 1029999 3489
226 1033488 3738
227 1037226 2591
228 1039817 8330
229 1048147 1323
230 1049470 1895
231 1051365 3091
232 1054456 4523
233 1058979 2037
234 1061016 1220
235 1062236 1234
236 1063470 5268
237 1068738 2796
238 1071534 4025
239 1075559 1155
240 1076714 2035
241 1078749 2160
242 1080909 1352
243 1082261 2905
244 1085166 1601
245 1086767 5315
246 1092082 760
247 1092842 553
248 1093395 883
249 1094278 693
250 1094971 555
251 1095526 591
252 1096117 1362
253 1097479 3529
254 1101008 3740
255 1104748 535
256 1105283 2095
257 1107378 1353
258 1108731 3381
259 1112112 6234
260 1118346 3264
261 1121610 5319
262 1126929 3025
263 1129954 3808
264 1133762 3281
265 1137043 3058
266 1140101 2121
267 1142222 1955
268 1144177 3217
269 1147394 3797
270 1151191 1956
271 1153147 2186
272 1155333 3810
273 1159143 3633
274 1162776 11076
275 1173852 10031
276 1183883 2069
277 1185952 3833
278 1189785 3443
279 1193228 4217
280 1197445 1535
281 1198980 1475
282 1200455 2368
283 1202823 1967
284 1204790 3107
285 1207897 2772
286 1210669 2401
287 1213070 5593
288 1218663 2565
289 1221228 8516
290 1229744 7331
291 1237075 2431
292 1239506 1481
293 1240987 1658
294 1242645 2689
295 1245334 2595
296 1247929 2268
297 1250197 3077
298 1253274 2090
299 1255364 3002
300 1258366 6880
301 1265246 6364
302 1271610 6846
303 1278456 6709
304 1285165 3958
305 1289123 8041
306 1297164 7709
307 1304873 3133
308 1308006 1817
309 1309823 2996
310 1312819 1624
311 1314443 3042
312 1317485 3454
313 1320939 1873
314 1322812 1545
315 1324357 4768
316 1329125 1755
317 1330880 1538
318 1332418 2478
319 1334896 3633
320 1338529 2080
321 1340609 1478
322 1342087 2820
323 1344907 7776
324 1352683 3343
325 1356026 3618
326 1359644 8877
327 1368521 3746
328 1372267 2826
329 1375093 2212
330 1377305 3564
331 1380869 3506
332 1384375 2087
333 1386462 1602
334 1388064 1811
335 1389875 6348
336 1396223 3207
337 1399430 2250
338 1401680 1873
339 1403553 3425
340 1406978 2015
341 1408993 4138
342 1413131 2727
343 1415858 3760
344 1419618 1766
345 1421384 1550
346 1422934 1543
347 1424477 1635
348 1426112 3631
349 1429743 2737
350 1432480 3972
351 1436452 2391
352 1438843 2407
353 1441250 2589
354 1443839 2387
355 1446226 2499
356 1448725 21978
357 1470703 3214
358 1473917 3604
359 1477521 6312
360 1483833 3100
361 1486933 3310
362 1490243 3421
363 1493664 5203
364 1498867 1621
365 1500488 2602
366 1503090 3426
367 1506516 2463
368 1508979 1096
369 1510075 2373
370 1512448 5086
371 1517534 4221
372 1521755 3027
373 1524782 3784
374 1528566 2651
375 1531217 5422
376 1536639 2539
377 1539178 3789
378 1542967 1113
379 1544080 5300
380 1549380 1458
381 1550838 1232
382 1552070 2057
383 1554127 7416
384 1561543 3335
385 1564878 2549
386 1567427 762
387 1568189 3238
388 1571427 769
389 1572196 6214
390 1578410 6353
391 1584763 5744
392 1590507 10668
393 1601175 1562
394 1602737 2145
395 1604882 9545
396 1614427 4293
397 1618720 6389
398 1625109 3042
399 1628151 6102
400 1634253 6083
401 1640336 1700
402 1642036 6486
403 1648522 3293
404 1651815 6693
405 1658508 8993
406 1667501 1409
407 1668910 2922
408 1671832 1780
409 1673612 3345
410 1676957 6001
411 1682958 6786
412 1689744 6317
413 1696061 6442
414 1702503 9634
415 1712137 9719
416 1721856 1199
417 1723055 732
418 1723787 1164
419 1724951 3814
420 1728765 687
421 1729452 5516
422 1734968 1402
423 1736370 2795
424 1739165 2332
425 1741497 5545
426 1747042 12235
427 1759277 2581
428 1761858 26102
429 1787960 3728
430 1791688 4053
431 1795741 12448
432 1808189 4398
433 1812587 3881
434 1816468 14669
435 1831137 12291
436 1843428 3693
437 1847121 1621
438 1848742 9092
439 1857834 1808
440 1859642 717
441 1860359 3250
442 1863609 2851
443 1866460 5838
444 1872298 9583
445 1881881 4043
446 1885924 1153
447 1887077 1769
448 1888846 5518
449 1894364 4615
450 1898979 4539
451 1903518 4412
452 1907930 1859
453 1909789 4358
454 1914147 3677
455 1917824 6182
456 1924006 4209
457 1928215 1116
458 1929331 747
459 1930078 8862
460 1938940 3972
461 1942912 7024
462 1949936 1529
463 1951465 2479
464 1953944 1098
465 1955042 1036
466 1956078 1022
467 1957100 5319
468 1962419 10906
469 1973325 756
470 1974081 676
471 1974757 4022
472 1978779 10036
473 1988815 1308
474 1990123 3128
475 1993251 866
476 1994117 636
477 1994753 991
478 1995744 734
479 1996478 1737
480 1998215 12318
481 2010533 4344
482 2014877 11210
483 2026087 3629
484 2029716 2009
485 2031725 3132
486 2034857 6300
487 2041157 1005
488 2042162 6662
489 2048824 959
490 2049783 1169
491 2050952 813
492 2051765 6317
493 2058082 2849
494 2060931 5069
495 2066000 9091
496 2075091 7375
497 2082466 1853
498 2084319 5512
499 2089831 3625
500 2093456 1534
501 2094990 662
502 2095652 3305
503 2098957 2899
504 2101856 2233
505 2104089 5697
506 2109786 1322
507 2111108 4414
508 2115522 711
509 2116233 2575
510 2118808 1562
511 2120370 1156
512 2121526 2536
513 2124062 4382
514 2128444 2930
515 2131374 5417
516 2136791 5858
517 2142649 4464
518 2147113 2774
519 2149887 2092
520 2151979 1091
521 2153070 832
522 2153902 2657
523 2156559 5756
524 2162315 972
525 2163287 1832
526 2165119 1759
527 2166878 7495
528 2174373 1231
529 2175604 2235
530 2177839 2446
531 2180285 1411
532 2181696 605
533 2182301 5015
534 2187316 6102
535 2193418 11619
536 2205037 1242
537 2206279 2364
538 2208643 1051
539 2209694 1286
540 2210980 2203
541 2213183 2819
542 2216002 5188
543 2221190 2451
544 2223641 3039
545 2226680 20033
546 2246713 2867
547 2249580 1637
548 2251217 2268
549 2253485 1779
550 2255264 1479
551 2256743 7341
552 2264084 4601
553 2268685 12570
554 2281255 2425
555 2283680 1847
556 2285527 1467
557 2286994 3129
558 2290123 1397
559 2291520 3878
560 2295398 1125
561 2296523 1152
562 2297675 1358
563 2299033 2408
564 2301441 1981
565 2303422 2382
566 2305804 3458
567 2309262 995
568 2310257 7281
569 2317538 5200
570 2322738 6545
571 2329283 4434
572 2333717 3712
573 2337429 2761
574 2340190 30612
575 2370802 3960
576 2374762 5257
577 2380019 2869
578 2382888 1977
579 2384865 4722
580 2389587 1246
581 2390833 2573
582 2393406 4332
583 2397738 5460
584 2403198 3024
585 2406222 2763
586 2408985 3750
587 2412735 2140
588 2414875 4020
589 2418895 13049
590 2431944 2527
591 2434471 1936
592 2436407 3627
593 2440034 3877
594 2443911 3880
595 2447791 1916
596 2449707 5434
597 2455141 6852
598 2461993 2528
599 2464521 4591
600 2469112 6956
601 2476068 1524
602 2477592 2500
603 2480092 2689
604 2482781 832
605 2483613 5354
606 2488967 297
607 2489264 864
608 2490128 3564
609 2493692 5931
610 2499623 1260
611 2500883 1403
612 2502286 3677
613 2505963 4608
614 2510571 2403
615 2512974 2221
616 2515195 3789
617 2518984 4087
618 2523071 957
619 2524028 2954
620 2526982 1165
621 2528147 1805
622 2529952 2024
623 2531976 3137
624 2535113 7138
625 2542251 8576
626 2550827 3983
627 2554810 3988
628 2558798 4637
629 2563435 3930
630 2567365 1183
631 2568548 4243
632 2572791 2734
633 2575525 1742
634 2577267 1104
635 2578371 4066
636 2582437 3885
637 2586322 2906
638 2589228 1316
639 2590544 3185
640 2593729 7692
641 2601421 18955
642 2620376 2223
643 2622599 3796
644 2626395 1673
645 2628068 4256
646 2632324 5132
647 2637456 8879
648 2646335 3152
649 2649487 13400
650 2662887 3746
651 2666633 6362
652 2672995 8677
653 2681672 5760
654 2687432 2182
655 2689614 4988
656 2694602 1240
657 2695842 3892
658 2699734 6356
659 2706090 1683
660 2707773 3466
661 2711239 2832
662 2714071 6321
663 2720392 1828
664 2722220 6733
665 2728953 3679
666 2732632 10460
667 2743092 7009
668 2750101 4592
669 2754693 3554
670 2758247 6434
671 2764681 9618
672 2774299 2807
673 2777106 2427
674 2779533 4564
675 2784097 8700
676 2792797 1605
677 2794402 4817
678 2799219 9606
679 2808825 2035
680 2810860 1869
681 2812729 2661
682 2815390 3201
683 2818591 9564
684 2828155 3474
685 2831629 8362
686 2839991 1747
687 2841738 1073
688 2842811 1496
689 2844307 1080
690 2845387 1382
691 2846769 5338
692 2852107 4997
693 2857104 2171
694 2859275 1758
695 2861033 4026
696 2865059 2342
697 2867401 2276
698 2869677 7694
699 2877371 1339
700 2878710 1501
701 2880211 4286
702 2884497 1289
703 2885786 1253
704 2887039 1431
705 2888470 1707
706 2890177 5174
707 2895351 2539
708 2897890 3195
709 2901085 10833
710 2911918 3852
711 2915770 7005
712 2922775 1877
713 2924652 7309
714 2931961 3362
715 2935323 1933
716 2937256 12818
717 2950074 5239
718 2955313 4672
719 2959985 2489
720 2962474 2334
721 2964808 2167
722 2966975 1405
723 2968380 1188
724 2969568 696
725 2970264 4741
726 2975005 1315
727 2976320 924
728 2977244 3117
729 2980361 1913
730 2982274 2894
731 2985168 993
732 2986161 1338
733 2987499 1377
734 2988876 550
735 2989426 3987
736 2993413 4619
737 2998032 4948
738 3002980 3255
739 3006235 2231
740 3008466 880
741 3009346 809
742 3010155 1264
743 3011419 5674
744 3017093 1604
745 3018697 791
746 3019488 1698
747 3021186 12947
748 3034133 578
749 3034711 1858
750 3036569 2488
751 3039057 2339
752 3041396 2701
753 3044097 1668
754 3045765 645
755 3046410 2177
756 3048587 2211
757 3050798 2214
758 3053012 2342
759 3055354 2147
760 3057501 506
761 3058007 2443
762 3060450 1254
763 3061704 3105
764 3064809 1576
765 3066385 730
766 3067115 1063
767 3068178 5008
768 3073186 6551
769 3079737 4722
770 3084459 4236
771 3088695 3610
772 3092305 3055
773 3095360 4106
774 3099466 8639
775 3108105 4045
776 3112150 7535
777 3119685 38414
778 3158099 5425
779 3163524 17847
780 3181371 5298
781 3186669 2786
782 3189455 10538
783 3199993 3796
784 3203789 4729
785 3208518 5416
786 3213934 4839
787 3218773 5255
788 3224028 6741
789 3230769 6494
790 3237263 4690
791 3241953 4161
792 3246114 8954
793 3255068 8400
794 3263468 5476
795 3268944 4287
796 3273231 7431
797 3280662 7903
798 3288565 5661
799 3294226 5362
800 3299588 4476
801 3304064 4967
802 3309031 4322
803 3313353 4372
804 3317725 5348
805 3323073 1273
806 3324346 4019
807 3328365 19816
808 3348181 3720
809 3351901 6346
810 3358247 4682
811 3362929 2827
812 3365756 3492
813 3369248 3923
814 3373171 3479
815 3376650 4286
816 3380936 11907
817 3392843 4242
818 3397085 8209
819 3405294 7840
820 3413134 7986
821 3421120 7305
822 3428425 1646
823 3430071 5261
824 3435332 4618
825 3439950 9417
826 3449367 5317
827 3454684 4208
828 3458892 4796
829 3463688 10498
830 3474186 5562
831 3479748 4126
832 3483874 3154
833 3487028 3756
834 3490784 3922
835 3494706 3324
836 3498030 3424
837 3501454 18404
838 3519858 4813
839 3524671 5375
840 3530046 3404
841 3533450 11475
842 3544925 7886
843 3552811 19525
844 3572336 5468
845 3577804 1246
846 3579050 2146
847 3581196 2872
848 3584068 3677
849 3587745 19336
850 3607081 19741
851 3626822 4362
852 3631184 4310
853 3635494 3534
854 3639028 12550
855 3651578 6781
856 3658359 25681
857 3684040 11217
858 3695257 7104
859 3702361 1567
860 3703928 5957
861 3709885 6361
862 3716246 23552
863 3739798 1582
864 3741380 2825
865 3744205 6720
866 3750925 8222
867 3759147 3716
868 3762863 5016
869 3767879 3518
870 3771397 1893
871 3773290 1010
872 3774300 1411
873 3775711 1186
874 3776897 2109
875 3779006 1309
876 3780315 1748
877 3782063 1809
878 3783872 2196
879 3786068 1813
880 3787881 7653
881 3795534 18228
882 3813762 3887
883 3817649 4421
884 3822070 3357
885 3825427 3563
886 3828990 10438
887 3839428 4073
888 3843501 1235
889 3844736 910
890 3845646 1520
891 3847166 983
892 3848149 1993
893 3850142 4483
894 3854625 1648
895 3856273 6163
896 3862436 7692
897 3870128 1999
898 3872127 3994
899 3876121 2684
900 3878805 4772
901 3883577 8844
902 3892421 4973
903 3897394 7967
904 3905361 4790
905 3910151 10037
906 3920188 2187
907 3922375 1630
908 3924005 2113
909 3926118 1886
910 3928004 2430
911 3930434 2905
912 3933339 2591
913 3935930 13218
914 3949148 2503
915 3951651 2250
916 3953901 2522
917 3956423 3102
918 3959525 10157
919 3969682 4715
920 3974397 7001
921 3981398 3677
922 3985075 3432
923 3988507 2852
924 3991359 5867
925 3997226 3091
926 4000317 5811
927 4006128 4773
928 4010901 13682
929 4024583 3834
930 4028417 2967
931 4031384 1591
932 4032975 8107
933 4041082 5696
934 4046778 12470
935 4059248 3807
936 4063055 2194
937 4065249 5465
938 4070714 5822
939 4076536 7898
940 4084434 10137
941 4094571 3614
942 4098185 3393
943 4101578 2180
944 4103758 3770
945 4107528 2028
946 4109556 1501
947 4111057 7367
948 4118424 1043
949 4119467 958
950 4120425 1675
951 4122100 3254
952 4125354 1838
953 4127192 4056
954 4131248 2172
955 4133420 4029
956 4137449 1421
957 4138870 4909
958 4143779 2618
959 4146397 1763
960 4148160 1993
961 4150153 1506
962 4151659 632
963 4152291 666
964 4152957 639
965 4153596 684
966 4154280 666
967 4154946 642
968 4155588 606
969 4156194 563
970 4156757 698
971 4157455 667
972 4158122 679
973 4158801 649
974 4159450 644
975 4160094 647
976 4160741 647
977 4161388 647
978 4162035 644
979 4162679 638
980 4163317 649
981 4163966 649
982 4164615 665
983 4165280 648
984 4165928 563
985 4166491 639
986 4167130 694
987 4167824 637
988 4168461 377
989 4168838 681
990 4169519 661
991 4170180 475
992 4170655 648
993 4171303 691
994 4171994 644
995 4172638 675
996 4173313 661
997 4173974 651
998 4174625 670
999 4175295 663
1000 4175958 674
1001 4176632 668
1002 4177300 646
1003 4177946 646
1004 4178592 667
1005 4179259 640
1006 4179899 688
1007 4180587 645
1008 4181232 641
1009 4181873 350
1010 4182223 564
1011 4182787 666
1012 4183453 651
1013 4184104 563
1014 4184667 637
1015 4185304 683
1016 4185987 564
1017 4186551 642
1018 4187193 670
1019 4187863 640
1020 4188503 682
1021 4189185 679
1022 4189864 646
1023 4190510 564
1024 4191074 305
1025 4191379 322
1026 4191701 666
1027 4192367 649
1028 4193016 299
1029 4193315 321
1030 4193636 676
1031 4194312 564
1032 4194876 640
1033 4195516 669
1034 4196185 690
1035 4196875 642
1036 4197517 646
1037 4198163 641
1038 4198804 645
1039 4199449 665
1040 4200114 667
1041 4200781 647
1042 4201428 666
1043 4202094 665
1044 4202759 640
1045 4203399 640
1046 4204039 666
1047 4204705 655
1048 4205360 689
1049 4206049 668
1050 4206717 677
1051 4207394 654
1052 4208048 683
1053 4208731 671
1054 4209402 668
1055 4210070 671
1056 4210741 663
1057 4211404 642
1058 4212046 641
1059 4212687 630
1060 4213317 634
1061 4213951 636
1062 4214587 644
1063 4215231 653
1064 4215884 645
1065 4216529 667
1066 4217196 606
1067 4217802 665
1068 4218467 651
1069 4219118 634
1070 4219752 646
1071 4220398 666
1072 4221064 644
1073 4221708 646
1074 4222354 644
1075 4222998 642
1076 4223640 676
1077 4224316 654
1078 4224970 666
1079 4225636 677
1080 4226313 677
1081 4226990 634
1082 4227624 626
1083 4228250 638
1084 4228888 644
1085 4229532 654
1086 4230186 647
1087 4230833 649
1088 4231482 606
1089 4232088 667
1090 4232755 638
1091 4233393 648
1092 4234041 635
1093 4234676 666
1094 4235342 639
1095 4235981 652
1096 4236633 667
1097 4237300 627
1098 4237927 638
1099 4238565 645
1100 4239210 656
1101 4239866 648
1102 4240514 643
1103 4241157 608
1104 4241765 663
1105 4242428 650
1106 4243078 633
1107 4243711 666
1108 4244377 640
1109 4245017 652
1110 4245669 717
1111 4246386 654
1112 4247040 665
1113 4247705 627
1114 4248332 605
1115 4248937 645
1116 4249582 646
1117 4250228 631
1118 4250859 638
1119 4251497 646
1120 4252143 654
1121 4252797 646
1122 4253443 642
1123 4254085 648
1124 4254733 635
1125 4255368 665
1126 4256033 665
1127 4256698 637
1128 4257335 640
1129 4257975 656
1130 4258631 665
1131 4259296 628
1132 4259924 641
1133 4260565 644
1134 4261209 656
1135 4261865 646
1136 4262511 641
1137 4263152 605
1138 4263757 665
1139 4264422 646
1140 4265068 631
1141 4265699 665
1142 4266364 636
1143 4267000 644
1144 4267644 656
1145 4268300 637
1146 4268937 628
1147 4269565 641
1148 4270206 645
1149 4270851 657
1150 4271508 647
1151 4272155 643
1152 4272798 665
1153 4273463 605
1154 4274068 700
1155 4274768 648
1156 4275416 635
1157 4276051 665
1158 4276716 691
1159 4277407 684
1160 4278091 637
1161 4278728 656
1162 4279384 664
1163 4280048 682
1164 4280730 659
1165 4281389 676
1166 4282065 671
1167 4282736 673
1168 4283409 661
1169 4284070 676
1170 4284746 671
1171 4285417 674
1172 4286091 673
1173 4286764 647
1174 4287411 645
1175 4288056 643
1176 4288699 631
1177 4289330 641
1178 4289971 641
1179 4290612 657
1180 4291269 646
1181 4291915 674
1182 4292589 605
1183 4293194 635
1184 4293829 662
1185 4294491 658
1186 4295149 649
1187 4295798 634
1188 4296432 671
1189 4297103 665
1190 4297768 633
1191 4298401 656
1192 4299057 665
1193 4299722 626
1194 4300348 640
1195 4300988 645
1196 4301633 660
1197 4302293 649
1198 4302942 649
1199 4303591 607
1200 4304198 665
1201 4304863 648
1202 4305511 633
1203 4306144 633
1204 4306777 655
1205 4307432 624
1206 4308056 606
1207 4308662 649
1208 4309311 649
1209 4309960 628
1210 4310588 642
1211 4311230 646
1212 4311876 656
1213 4312532 646
1214 4313178 674
1215 4313852 666
1216 4314518 647
1217 4315165 633
1218 4315798 666
1219 4316464 700
1220 4317164 622
1221 4317786 648
1222 4318434 687
1223 4319121 640
1224 4319761 657
1225 4320418 666
1226 4321084 672
1227 4321756 671
1228 4322427 701
1229 4323128 681
1230 4323809 658
1231 4324467 660
1232 4325127 658
1233 4325785 672
1234 4326457 670
1235 4327127 701
1236 4327828 634
1237 4328462 643
1238 4329105 645
1239 4329750 627
1240 4330377 641
1241 4331018 657
1242 4331675 643
1243 4332318 698
1244 4333016 607
1245 4333623 666
1246 4334289 649
1247 4334938 632
1248 4335570 666
1249 4336236 644
1250 4336880 653
1251 4337533 666
1252 4338199 664
1253 4338863 627
1254 4339490 641
1255 4340131 640
1256 4340771 653
1257 4341424 649
1258 4342073 662
1259 4342735 606
1260 4343341 666
1261 4344007 657
1262 4344664 648
1263 4345312 631
1264 4345943 666
1265 4346609 652
1266 4347261 669
1267 4347930 666
1268 4348596 607
1269 4349203 671
1270 4349874 666
1271 4350540 631
1272 4351171 667
1273 4351838 649
1274 4352487 631
1275 4353118 636
1276 4353754 666
1277 4354420 646
1278 4355066 706
1279 4355772 649
1280 4356421 665
1281 4357086 679
1282 4357765 667
1283 4358432 650
1284 4359082 668
1285 4359750 671
1286 4360421 657
1287 4361078 669
1288 4361747 666
1289 4362413 2151
1290 4364564 1019
1291 4365583 5425
1292 4371008 1981
1293 4372989 1514
1294 4374503 1866
1295 4376369 1185
1296 4377554 1192
1297 4378746 6874
1298 4385620 3765
1299 4389385 1037
1300 4390422 2482
1301 4392904 2238
1302 4395142 3239
1303 4398381 2595
1304 4400976 29727
1305 4430703 1110
1306 4431813 1759
1307 4433572 5107
1308 4438679 1267
1309 4439946 1663
1310 4441609 1744
1311 4443353 2429
1312 4445782 1691
1313 4447473 1597
1314 4449070 2640
1315 4451710 3233
1316 4454943 4653
1317 4459596 1798
1318 4461394 971
1319 4462365 1509
1320 4463874 2066
1321 4465940 1542
1322 4467482 1811
1323 4469293 1303
1324 4470596 1916
1325 4472512 1639
1326 4474151 873
1327 4475024 2732
1328 4477756 1884
1329 4479640 6122
1330 4485762 2747
1331 4488509 1415
1332 4489924 1220
1333 4491144 2702
1334 4493846 1470
1335 4495316 2329
1336 4497645 1482
1337 4499127 1353
1338 4500480 2204
1339 4502684 1537
1340 4504221 1728
1341 4505949 5242
1342 4511191 2610
1343 4513801 5590
1344 4519391 1690
1345 4521081 1320
1346 4522401 2993
1347 4525394 1617
1348 4527011 2796
1349 4529807 1310
1350 4531117 880
1351 4531997 1616
1352 4533613 4007
1353 4537620 3247
1354 4540867 3006
1355 4543873 3378
1356 4547251 2723
1357 4549974 1422
1358 4551396 1388
1359 4552784 904
1360 4553688 1645
1361 4555333 1110
1362 4556443 3329
1363 4559772 3202
1364 4562974 3802
1365 4566776 1775
1366 4568551 4896
1367 4573447 1797
1368 4575244 989
1369 4576233 1289
1370 4577522 1006
1371 4578528 1182
1372 4579710 5070
1373 4584780 2291
1374 4587071 1867
1375 4588938 1148
1376 4590086 1312
1377 4591398 1254
1378 4592652 4182
1379 4596834 1520
1380 4598354 2697
1381 4601051 2154
1382 4603205 1118
1383 4604323 1850
1384 4606173 4997
1385 4611170 2348
1386 4613518 494
1387 4614012 3161
1388 4617173 2123
1389 4619296 10127
1390 4629423 1146
1391 4630569 1359
1392 4631928 5165
1393 4637093 2543
1394 4639636 6638
1395 4646274 7784
1396 4654058 1432
1397 4655490 1778
1398 4657268 2252
1399 4659520 3419
1400 4662939 1967
1401 4664906 2109
1402 4667015 6019
1403 4673034 2089
1404 4675123 1473
1405 4676596 1125
1406 4677721 3182
1407 4680903 6326
1408 4687229 1976
1409 4689205 2405
1410 4691610 2622
1411 4694232 2608
1412 4696840 3607
1413 4700447 1422
1414 4701869 8455
1415 4710324 3891
1416 4714215 10370
1417 4724585 7189
1418 4731774 9978
1419 4741752 3378
1420 4745130 6514
1421 4751644 4391
1422 4756035 4681
1423 4760716 3013
1424 4763729 1340
1425 4765069 3076
1426 4768145 1963
1427 4770108 1684
1428 4771792 1732
1429 4773524 2079
1430 4775603 2139
1431 4777742 1000
1432 4778742 1904
1433 4780646 3955
1434 4784601 2217
1435 4786818 5379
1436 4792197 1763
1437 4793960 1903
1438 4795863 2555
1439 4798418 2389
1440 4800807 2170
1441 4802977 1802
1442 4804779 2394
1443 4807173 4974
1444 4812147 1648
1445 4813795 13695
1446 4827490 993
1447 4828483 14409
1448 4842892 1870
1449 4844762 1611
1450 4846373 1104
1451 4847477 1498
1452 4848975 1774
1453 4850749 6062
1454 4856811 2995
1455 4859806 3068
1456 4862874 2397
1457 4865271 1973
1458 4867244 2851
1459 4870095 5396
1460 4875491 15284
1461 4890775 7210
1462 4897985 3358
1463 4901343 3243
1464 4904586 2557
1465 4907143 2953
1466 4910096 1360
1467 4911456 2307
1468 4913763 5250
1469 4919013 1615
1470 4920628 1312
1471 4921940 2000
1472 4923940 2077
1473 4926017 2612
1474 4928629 1502
1475 4930131 1508
1476 4931639 1412
1477 4933051 2488
1478 4935539 440
1479 4935979 450
1480 4936429 466
1481 4936895 510
1482 4937405 480
1483 4937885 488
1484 4938373 512
1485 4938885 548
1486 4939433 496
1487 4939929 526
1488 4940455 502
1489 4940957 494
1490 4941451 510
1491 4941961 478
1492 4942439 546
1493 4942985 8518
1494 4951503 4241
1495 4955744 3237
1496 4958981 12746
1497 4971727 4555
1498 4976282 2389
1499 4978671 2437
1500 4981108 677
1501 4981785 1376
1502 4983161 10000
1503 4993161 21602
1504 5014763 887
1505 5015650 3528
1506 5019178 1434
1507 5020612 1079
1508 5021691 5717
1509 5027408 1224
1510 5028632 928
1511 5029560 10793
1512 5040353 1369
1513 5041722 17552
1514 5059274 9481
1515 5068755 2857
1516 5071612 1368
1517 5072980 4584
1518 5077564 5970
1519 5083534 1073
1520 5084607 892
1521 5085499 2310
1522 5087809 8170
1523 5095979 3266
1524 5099245 1859
1525 5101104 545
1526 5101649 1562
1527 5103211 2281
1528 5105492 3822
1529 5109314 5946
1530 5115260 1344
1531 5116604 3181
1532 5119785 1252
1533 5121037 1326
1534 5122363 1112
1535 5123475 5533
1536 5129008 947
1537 5129955 4381
1538 5134336 360
1539 5134696 8887
1540 5143583 3604
1541 5147187 1614
1542 5148801 1352
1543 5150153 6350
1544 5156503 4052
1545 5160555 1262
1546 5161817 2937
1547 5164754 2670
1548 5167424 1788
1549 5169212 4096
1550 5173308 12833
1551 5186141 1488
1552 5187629 4010
1553 5191639 3593
1554 5195232 1379
1555 5196611 1101
1556 5197712 3971
1557 5201683 6882
1558 5208565 1594
1559 5210159 1526
1560 5211685 1464
1561 5213149 2428
1562 5215577 2160
1563 5217737 1761
1564 5219498 1777
1565 5221275 1168
1566 5222443 1649
1567 5224092 819
1568 5224911 7031
1569 5231942 8071
1570 5240013 1490
1571 5241503 1096
1572 5242599 4680
1573 5247279 2435
1574 5249714 1178
1575 5250892 6447
1576 5257339 1779
1577 5259118 7490
1578 5266608 2173
1579 5268781 6402
1580 5275183 3991
1581 5279174 1404
1582 5280578 8344
1583 5288922 6841
1584 5295763 9459
1585 5305222 3628
1586 5308850 2236
1587 5311086 3402
1588 5314488 4714
1589 5319202 1689
1590 5320891 1608
1591 5322499 2825
1592 5325324 961
1593 5326285 1091
1594 5327376 15422
1595 5342798 6397
1596 5349195 13912
1597 5363107 749
1598 5363856 2063
1599 5365919 2609
1600 5368528 2790
1601 5371318 1784
1602 5373102 19856
1603 5392958 9052
1604 5402010 3583
1605 5405593 3565
1606 5409158 3406
1607 5412564 3347
1608 5415911 445
1609 5416356 2912
1610 5419268 4090
1611 5423358 2971
1612 5426329 936
1613 5427265 3846
1614 5431111 28435
1615 5459546 4196
1616 5463742 7358
1617 5471100 9279
1618 5480379 30016
1619 5510395 19531
1620 5529926 963
1621 5530889 626
1622 5531515 2336
1623 5533851 1626
1624 5535477 4975
1625 5540452 3327
1626 5543779 4060
1627 5547839 2512
1628 5550351 4603
1629 5554954 1156
1630 5556110 2014
1631 5558124 684
1632 5558808 436
1633 5559244 9853
1634 5569097 2308
1635 5571405 867
1636 5572272 3523
1637 5575795 918
1638 5576713 2587
1639 5579300 3123
1640 5582423 345
1641 5582768 7183
1642 5589951 18886
1643 5608837 5686
1644 5614523 1314
1645 5615837 2190
1646 5618027 2358
1647 5620385 2619
1648 5623004 8942
1649 5631946 3640
1650 5635586 2362
1651 5637948 21917
1652 5659865 862
1653 5660727 410
1654 5661137 1161
1655 5662298 3834
1656 5666132 1128
1657 5667260 3536
1658 5670796 3262
1659 5674058 1589
1660 5675647 1358
1661 5677005 2028
1662 5679033 2158
1663 5681191 1321
1664 5682512 3888
1665 5686400 567
1666 5686967 6443
1667 5693410 2572
1668 5695982 3660
1669 5699642 800
1670 5700442 1280
1671 5701722 2385
1672 5704107 668
1673 5704775 800
1674 5705575 4998
1675 5710573 1322
1676 5711895 14580
1677 5726475 1116
1678 5727591 5237
1679 5732828 2518
1680 5735346 3105
1681 5738451 6853
1682 5745304 6205
1683 5751509 9136
1684 5760645 11603
1685 5772248 2084
1686 5774332 6475
1687 5780807 5745
1688 5786552 5942
1689 5792494 1243
1690 5793737 4943
1691 5798680 9923
1692 5808603 5494
1693 5814097 3031
1694 5817128 2006
1695 5819134 2341
1696 5821475 1838
1697 5823313 1432
1698 5824745 1516
1699 5826261 1573
1700 5827834 1651
1701 5829485 3461
1702 5832946 2557
1703 5835503 15199
1704 5850702 3312
1705 5854014 7938
1706 5861952 6139
1707 5868091 2558
1708 5870649 3698
1709 5874347 2765
1710 5877112 9325
1711 5886437 1400
1712 5887837 4943
1713 5892780 1417
1714 5894197 1710
1715 5895907 1850
1716 5897757 2890
1717 5900647 8144
1718 5908791 7495
1719 5916286 3503
1720 5919789 9711
1721 5929500 1659
1722 5931159 968
1723 5932127 1666
1724 5933793 4143
1725 5937936 1036
1726 5938972 15011
1727 5953983 6475
1728 5960458 3497
1729 5963955 3501
1730 5967456 1230
1731 5968686 4797
1732 5973483 778
1733 5974261 517
1734 5974778 7770
1735 5982548 2863
1736 5985411 3637
1737 5989048 2735
1738 5991783 1229
1739 5993012 1009
1740 5994021 11753
1741 6005774 5289
1742 6011063 5874
1743 6016937 1773
1744 6018710 22558
1745 6041268 1526
1746 6042794 6600
1747 6049394 5120
1748 6054514 7824
1749 6062338 10971
1750 6073309 1847
1751 6075156 7247
1752 6082403 3680
1753 6086083 498
1754 6086581 3887
1755 6090468 773
1756 6091241 895
1757 6092136 5666
1758 6097802 1501
1759 6099303 2151
1760 6101454 2628
1761 6104082 3671
1762 6107753 3275
1763 6111028 2101
1764 6113129 4847
1765 6117976 10081
1766 6128057 610
1767 6128667 3167
1768 6131834 3464
1769 6135298 3771
1770 6139069 9819
1771 6148888 1646
1772 6150534 3128
1773 6153662 3673
1774 6157335 2000
1775 6159335 4397
1776 6163732 1384
1777 6165116 9434
1778 6174550 4572
1779 6179122 2593
1780 6181715 3581
1781 6185296 1802
1782 6187098 1500
1783 6188598 1513
1784 6190111 4713
1785 6194824 2904
1786 6197728 8524
1787 6206252 7760
1788 6214012 5300
1789 6219312 3051
1790 6222363 7145
1791 6229508 1215
1792 6230723 2811
1793 6233534 2601
1794 6236135 1961
1795 6238096 2327
1796 6240423 548
1797 6240971 5867
1798 6246838 540
1799 6247378 2082
1800 6249460 6609
1801 6256069 5869
1802 6261938 2527
1803 6264465 3083
1804 6267548 8922
1805 6276470 3618
1806 6280088 3046
1807 6283134 8924
1808 6292058 4034
1809 6296092 3393
1810 6299485 3637
1811 6303122 1486
1812 6304608 4481
1813 6309089 1041
1814 6310130 1791
1815 6311921 5586
1816 6317507 2108
1817 6319615 1810
1818 6321425 15783
1819 6337208 5896
1820 6343104 2270
1821 6345374 2633
1822 6348007 5392
1823 6353399 3929
1824 6357328 13683
1825 6371011 3831
1826 6374842 1867
1827 6376709 3632
1828 6380341 6555
1829 6386896 2975
1830 6389871 581
1831 6390452 4671
1832 6395123 4539
1833 6399662 2717
1834 6402379 4723
1835 6407102 2170
1836 6409272 759
1837 6410031 687
1838 6410718 678
1839 6411396 701
1840 6412097 680
1841 6412777 721
1842 6413498 709
1843 6414207 656
1844 6414863 649
1845 6415512 674
1846 6416186 655
1847 6416841 736
1848 6417577 704
1849 6418281 678
1850 6418959 686
1851 6419645 721
1852 6420366 704
1853 6421070 684
1854 6421754 679
1855 6422433 699
1856 6423132 681
1857 6423813 685
1858 6424498 718
1859 6425216 715
1860 6425931 717
1861 6426648 692
1862 6427340 724
1863 6428064 678
1864 6428742 674
1865 6429416 717
1866 6430133 673
1867 6430806 703
1868 6431509 684
1869 6432193 647
1870 6432840 685
1871 6433525 679
1872 6434204 700
1873 6434904 682
1874 6435586 719
1875 6436305 653
1876 6436958 671
1877 6437629 704
1878 6438333 680
1879 6439013 685
1880 6439698 677
1881 6440375 682
1882 6441057 700
1883 6441757 719
1884 6442476 672
1885 6443148 701
1886 6443849 667
1887 6444516 731
1888 6445247 685
1889 6445932 660
1890 6446592 688
1891 6447280 671
1892 6447951 682
1893 6448633 670
1894 6449303 657
1895 6449960 670
1896 6450630 665
1897 6451295 683
1898 6451978 666
1899 6452644 721
1900 6453365 692
1901 6454057 673
1902 6454730 703
1903 6455433 673
1904 6456106 677
1905 6456783 680
1906 6457463 679
1907 6458142 678
1908 6458820 700
1909 6459520 683
1910 6460203 718
1911 6460921 710
1912 6461631 680
1913 6462311 656
1914 6462967 682
1915 6463649 679
1916 6464328 698
1917 6465026 685
1918 6465711 719
1919 6466430 673
1920 6467103 680
1921 6467783 673
1922 6468456 728
1923 6469184 673
1924 6469857 679
1925 6470536 688
1926 6471224 719
1927 6471943 643
1928 6472586 702
1929 6473288 673
1930 6473961 678
1931 6474639 715
1932 6475354 700
1933 6476054 683
1934 6476737 679
1935 6477416 715
1936 6478131 732
1937 6478863 654
1938 6479517 664
1939 6480181 700
1940 6480881 683
1941 6481564 684
1942 6482248 690
1943 6482938 719
1944 6483657 681
1945 6484338 698
1946 6485036 711
1947 6485747 678
1948 6486425 686
1949 6487111 726
1950 6487837 729
1951 6488566 680
1952 6489246 675
1953 6489921 661
1954 6490582 669
1955 6491251 688
1956 6491939 710
1957 6492649 714
1958 6493363 676
1959 6494039 700
1960 6494739 690
1961 6495429 704
1962 6496133 685
1963 6496818 687
1964 6497505 713
1965 6498218 669
1966 6498887 701
1967 6499588 684
1968 6500272 714
1969 6500986 720
1970 6501706 678
1971 6502384 701
1972 6503085 669
1973 6503754 673
1974 6504427 670
1975 6505097 667
1976 6505764 711
1977 6506475 683
1978 6507158 664
1979 6507822 672
1980 6508494 709
1981 6509203 715
1982 6509918 730
1983 6510648 705
1984 6511353 668
1985 6512021 682
1986 6512703 700
1987 6513403 664
1988 6514067 704
1989 6514771 660
1990 6515431 675
1991 6516106 687
1992 6516793 670
1993 6517463 684
1994 6518147 709
1995 6518856 668
1996 6519524 661
1997 6520185 702
1998 6520887 672
1999 6521559 688
2000 6522247 663
2001 6522910 709
2002 6523619 673
2003 6524292 689
2004 6524981 674
2005 6525655 684
2006 6526339 724
2007 6527063 721
2008 6527784 731
2009 6528515 670
2010 6529185 742
2011 6529927 699
2012 6530626 669
2013 6531295 675
2014 6531970 662
2015 6532632 694
2016 6533326 655
2017 6533981 659
2018 6534640 682
2019 6535322 663
2020 6535985 680
2021 6536665 667
2022 6537332 694
2023 6538026 659
2024 6538685 708
2025 6539393 691
2026 6540084 670
2027 6540754 701
2028 6541455 670
2029 6542125 673
2030 6542798 708
2031 6543506 694
2032 6544200 673
2033 6544873 674
2034 6545547 685
2035 6546232 669
2036 6546901 704
2037 6547605 668
2038 6548273 660
2039 6548933 711
2040 6549644 679
2041 6550323 671
2042 6550994 695
2043 6551689 685
2044 6552374 662
2045 6553036 703
2046 6553739 741
2047 6554480 701
2048 6555181 673
2049 6555854 720
2050 6556574 719
2051 6557293 713
2052 6558006 728
2053 6558734 731
2054 6559465 706
2055 6560171 701
2056 6560872 702
2057 6561574 718
2058 6562292 704
2059 6562996 685
2060 6563681 654
2061 6564335 675
2062 6565010 674
2063 6565684 695
2064 6566379 674
2065 6567053 680
2066 6567733 704
2067 6568437 688
2068 6569125 651
2069 6569776 677
2070 6570453 677
2071 6571130 701
2072 6571831 680
2073 6572511 714
2074 6573225 749
2075 6573974 749
2076 6574723 740
2077 6575463 686
2078 6576149 653
2079 6576802 663
2080 6577465 665
2081 6578130 673
2082 6578803 647
2083 6579450 692
2084 6580142 641
2085 6580783 651
2086 6581434 674
2087 6582108 654
2088 6582762 688
2089 6583450 713
2090 6584163 663
2091 6584826 687
2092 6585513 708
2093 6586221 694
2094 6586915 677
2095 6587592 700
2096 6588292 678
2097 6588970 686
2098 6589656 663
2099 6590319 691
2100 6591010 662
2101 6591672 701
2102 6592373 701
2103 6593074 665
2104 6593739 731
2105 6594470 697
2106 6595167 652
2107 6595819 678
2108 6596497 666
2109 6597163 665
2110 6597828 662
2111 6598490 641
2112 6599131 665
2113 6599796 657
2114 6600453 662
2115 6601115 666
2116 6601781 661
2117 6602442 673
2118 6603115 706
2119 6603821 673
2120 6604494 699
2121 6605193 655
2122 6605848 682
2123 6606530 668
2124 6607198 732
2125 6607930 709
2126 6608639 701
2127 6609340 708
2128 6610048 674
2129 6610722 676
2130 6611398 667
2131 6612065 691
2132 6612756 663
2133 6613419 676
2134 6614095 673
2135 6614768 702
2136 6615470 672
2137 6616142 695
2138 6616837 712
2139 6617549 708
2140 6618257 687
2141 6618944 680
2142 6619624 688
2143 6620312 674
2144 6620986 702
2145 6621688 675
2146 6622363 684
2147 6623047 670
2148 6623717 661
2149 6624378 656
2150 6625034 666
2151 6625700 650
2152 6626350 662
2153 6627012 681
2154 6627693 662
2155 6628355 660
2156 6629015 708
2157 6629723 691
2158 6630414 672
2159 6631086 707
2160 6631793 701
2161 6632494 674
2162 6633168 678
2163 6633846 679
2164 6634525 705
2165 6635230 692
2166 6635922 672
2167 6636594 702
2168 6637296 700
2169 6637996 675
2170 6638671 712
2171 6639383 691
2172 6640074 703
2173 6640777 658
2174 6641435 660
2175 6642095 651
2176 6642746 711
2177 6643457 681
2178 6644138 680
2179 6644818 691
2180 6645509 679
2181 6646188 658
2182 6646846 665
2183 6647511 662
2184 6648173 655
2185 6648828 666
2186 6649494 659
2187 6650153 675
2188 6650828 642
2189 6651470 655
2190 6652125 670
2191 6652795 667
2192 6653462 693
2193 6654155 699
2194 6654854 667
2195 6655521 681
2196 6656202 660
2197 6656862 674
2198 6657536 673
2199 6658209 650
2200 6658859 654
2201 6659513 711
2202 6660224 675
2203 6660899 671
2204 6661570 686
2205 6662256 646
2206 6662902 673
2207 6663575 702
2208 6664277 674
2209 6664951 673
2210 6665624 678
2211 6666302 667
2212 6666969 655
2213 6667624 660
2214 6668284 681
2215 6668965 682
2216 6669647 656
2217 6670303 654
2218 6670957 706
2219 6671663 681
2220 6672344 655
2221 6672999 653
2222 6673652 646
2223 6674298 685
2224 6674983 726
2225 6675709 685
2226 6676394 652
2227 6677046 657
2228 6677703 653
2229 6678356 664
2230 6679020 643
2231 6679663 649
2232 6680312 649
2233 6680961 676
2234 6681637 658
2235 6682295 672
2236 6682967 641
2237 6683608 679
2238 6684287 669
2239 6684956 5087
2240 6690043 9669
2241 6699712 1664
2242 6701376 766
2243 6702142 751
2244 6702893 2931
2245 6705824 1885
2246 6707709 2325
2247 6710034 3194
2248 6713228 2902
2249 6716130 2957
2250 6719087 3029
2251 6722116 2459
2252 6724575 2489
2253 6727064 2559
2254 6729623 878
2255 6730501 1614
2256 6732115 5851
2257 6737966 2598
2258 6740564 1301
2259 6741865 2064
2260 6743929 1595
2261 6745524 2905
2262 6748429 5824
2263 6754253 1216
2264 6755469 2842
2265 6758311 1865
2266 6760176 1258
2267 6761434 1142
2268 6762576 1799
2269 6764375 5985
2270 6770360 1817
2271 6772177 3461
2272 6775638 1615
2273 6777253 634
2274 6777887 2725
2275 6780612 920
2276 6781532 5780
2277 6787312 5232
2278 6792544 1634
2279 6794178 785
2280 6794963 814
2281 6795777 2506
2282 6798283 5820
2283 6804103 3750
2284 6807853 3684
2285 6811537 3861
2286 6815398 3807
2287 6819205 3768
2288 6822973 3807
2289 6826780 648
2290 6827428 5801
2291 6833229 708
2292 6833937 2827
2293 6836764 2875
2294 6839639 1108
2295 6840747 1293
2296 6842040 7550
2297 6849590 1498
2298 6851088 2304
2299 6853392 2109
2300 6855501 1471
2301 6856972 990
2302 6857962 1716
2303 6859678 2635
2304 6862313 1928
2305 6864241 16942
2306 6881183 1564
2307 6882747 4849
2308 6887596 2128
2309 6889724 2822
2310 6892546 6254
2311 6898800 557
2312 6899357 4044
2313 6903401 2043
2314 6905444 1233
2315 6906677 4622
2316 6911299 869
2317 6912168 2137
2318 6914305 1908
2319 6916213 4152
2320 6920365 4697
2321 6925062 9203
2322 6934265 4123
2323 6938388 2717
2324 6941105 859
2325 6941964 824
2326 6942788 928
2327 6943716 1070
2328 6944786 1050
2329 6945836 1109
2330 6946945 2174
2331 6949119 1951
2332 6951070 6203
2333 6957273 652
2334 6957925 3094
2335 6961019 1251
2336 6962270 2315
2337 6964585 1133
2338 6965718 3494
2339 6969212 4115
2340 6973327 4330
2341 6977657 6274
2342 6983931 3765
2343 6987696 736
2344 6988432 4288
2345 6992720 4092
2346 6996812 561
2347 6997373 1018
2348 6998391 1606
2349 6999997 3673
2350 7003670 3603
2351 7007273 4808
2352 7012081 2712
2353 7014793 2095
2354 7016888 3146
2355 7020034 824
2356 7020858 3162
2357 7024020 2400
2358 7026420 2696
2359 7029116 3429
2360 7032545 2568
2361 7035113 4049
2362 7039162 2058
2363 7041220 1887
2364 7043107 4439
2365 7047546 1445
2366 7048991 4416
2367 7053407 3894
2368 7057301 5679
2369 7062980 6660
2370 7069640 4518
2371 7074158 1812
2372 7075970 6432
2373 7082402 2554
2374 7084956 3458
2375 7088414 2721
2376 7091135 10463
2377 7101598 787
2378 7102385 9071
2379 7111456 2225
2380 7113681 2537
2381 7116218 2413
2382 7118631 1364
2383 7119995 2962
2384 7122957 10126
2385 7133083 1299
2386 7134382 3978
2387 7138360 1142
2388 7139502 479
2389 7139981 10757
2390 7150738 1854
2391 7152592 3369
2392 7155961 3343
2393 7159304 3568
2394 7162872 9674
2395 7172546 2205
2396 7174751 1131
2397 7175882 797
2398 7176679 1076
2399 7177755 1851
2400 7179606 8500
2401 7188106 3463
2402 7191569 6331
2403 7197900 4808
2404 7202708 5603
2405 7208311 1729
2406 7210040 5365
2407 7215405 1709
2408 7217114 1737
2409 7218851 6827
2410 7225678 2810
2411 7228488 1517
2412 7230005 2087
2413 7232092 2599
2414 7234691 2595
2415 7237286 3776
2416 7241062 4249
2417 7245311 2632
2418 7247943 2730
2419 7250673 3581
2420 7254254 3481
2421 7257735 3799
2422 7261534 3076
2423 7264610 4310
2424 7268920 3190
2425 7272110 4003
2426 7276113 4173
2427 7280286 3555
2428 7283841 3665
2429 7287506 3819
2430 7291325 4010
2431 7295335 3483
2432 7298818 3785
2433 7302603 3497
2434 7306100 3102
2435 7309202 3144
2436 7312346 4069
2437 7316415 3274
2438 7319689 3406
2439 7323095 3464
2440 7326559 3527
2441 7330086 4692
2442 7334778 1529
2443 7336307 3432
2444 7339739 5084
2445 7344823 3294
2446 7348117 3648
2447 7351765 3738
2448 7355503 3494
2449 7358997 2746
2450 7361743 3246
2451 7364989 3658
2452 7368647 3205
2453 7371852 3554
2454 7375406 18924
2455 7394330 4516
2456 7398846 3790
2457 7402636 3626
2458 7406262 4336
2459 7410598 1253
2460 7411851 947
2461 7412798 2968
2462 7415766 4070
2463 7419836 3547
2464 7423383 3540
2465 7426923 2622
2466 7429545 1126
2467 7430671 4229
2468 7434900 19783
2469 7454683 4829
2470 7459512 3343
2471 7462855 4811
2472 7467666 3317
2473 7470983 3652
2474 7474635 1963
2475 7476598 1575
2476 7478173 2570
2477 7480743 2018
2478 7482761 3750
2479 7486511 958
2480 7487469 1224
2481 7488693 1935
2482 7490628 1450
2483 7492078 3816
2484 7495894 5702
2485 7501596 2244
2486 7503840 2905
2487 7506745 1514
2488 7508259 5757
2489 7514016 2670
2490 7516686 1298
2491 7517984 1279
2492 7519263 1350
2493 7520613 7863
2494 7528476 1725
2495 7530201 2833
2496 7533034 1252
2497 7534286 1439
2498 7535725 5121
2499 7540846 3046
2500 7543892 1313
2501 7545205 2790
2502 7547995 1454
2503 7549449 943
2504 7550392 2767
2505 7553159 1511
2506 7554670 925
2507 7555595 2980
2508 7558575 1231
2509 7559806 8725
2510 7568531 2617
2511 7571148 1639
2512 7572787 2236
2513 7575023 2002
2514 7577025 6231
2515 7583256 2086
2516 7585342 1582
2517 7586924 3146
2518 7590070 4049
2519 7594119 2691
2520 7596810 2891
2521 7599701 1052
2522 7600753 1434
2523 7602187 5493
2524 7607680 3602
2525 7611282 2085
2526 7613367 5775
2527 7619142 6735
2528 7625877 1219
2529 7627096 1495
2530 7628591 376
2531 7628967 2199
2532 7631166 1751
2533 7632917 2936
2534 7635853 1233
2535 7637086 1971
2536 7639057 928
2537 7639985 1872
2538 7641857 2977
2539 7644834 6862
2540 7651696 2669
2541 7654365 1576
2542 7655941 1780
2543 7657721 1710
2544 7659431 977
2545 7660408 8892
2546 7669300 5566
2547 7674866 5625
2548 7680491 5448
2549 7685939 6663
2550 7692602 2080
2551 7694682 19348
2552 7714030 7650
2553 7721680 1828
2554 7723508 1249
2555 7724757 3012
2556 7727769 1864
2557 7729633 2700
2558 7732333 4179
2559 7736512 1427
2560 7737939 611
2561 7738550 6534
2562 7745084 2419
2563 7747503 1838
2564 7749341 3351
2565 7752692 1897
2566 7754589 13576
2567 7768165 555
2568 7768720 1585
2569 7770305 3046
2570 7773351 2382
2571 7775733 2848
2572 7778581 18301
2573 7796882 8043
2574 7804925 11497
2575 7816422 2053
2576 7818475 3601
2577 7822076 5159
2578 7827235 5334
2579 7832569 5139
2580 7837708 6312
2581 7844020 1042
2582 7845062 7149
2583 7852211 2945
2584 7855156 9481
2585 7864637 4215
2586 7868852 6404
2587 7875256 2891
2588 7878147 1605
2589 7879752 2917
2590 7882669 3397
2591 7886066 1777
2592 7887843 5534
2593 7893377 9022
2594 7902399 2298
2595 7904697 8395
2596 7913092 6784
2597 7919876 6435
2598 7926311 3691
2599 7930002 3383
2600 7933385 2890
2601 7936275 3419
2602 7939694 483
2603 7940177 2176
2604 7942353 3918
2605 7946271 3613
2606 7949884 2916
2607 7952800 3573
2608 7956373 2701
2609 7959074 6543
2610 7965617 9394
2611 7975011 8413
2612 7983424 10486
2613 7993910 9668
2614 8003578 10246
2615 8013824 7931
2616 8021755 5460
2617 8027215 6240
2618 8033455 7456
2619 8040911 3533
2620 8044444 3979
2621 8048423 2378
2622 8050801 1569
2623 8052370 1662
2624 8054032 3148
2625 8057180 3514
2626 8060694 5912
2627 8066606 3561
2628 8070167 4594
2629 8074761 3485
2630 8078246 11557
2631 8089803 5118
2632 8094921 4789
2633 8099710 1082
2634 8100792 4137
2635 8104929 3660
2636 8108589 3434
2637 8112023 4906
2638 8116929 4563
2639 8121492 7984
2640 8129476 2251
2641 8131727 5519
2642 8137246 4379
2643 8141625 6500
2644 8148125 4765
2645 8152890 2171
2646 8155061 1500
2647 8156561 3317
2648 8159878 4586
2649 8164464 4139
2650 8168603 6213
2651 8174816 8539
2652 8183355 1862
2653 8185217 5751
2654 8190968 7243
2655 8198211 1290
2656 8199501 3415
2657 8202916 4098
2658 8207014 1637
2659 8208651 7216
2660 8215867 2760
2661 8218627 10086
2662 8228713 4288
2663 8233001 5777
2664 8238778 822
2665 8239600 3746
2666 8243346 1983
2667 8245329 2444
2668 8247773 2068
2669 8249841 2539
2670 8252380 3458
2671 8255838 2487
2672 8258325 2541
2673 8260866 20126
2674 8280992 8429
2675 8289421 4402
2676 8293823 4506
2677 8298329 4175
2678 8302504 1565
2679 8304069 4517
2680 8308586 1395
2681 8309981 1213
2682 8311194 1511
2683 8312705 7459
2684 8320164 2211
2685 8322375 18058
2686 8340433 8909
2687 8349342 5708
2688 8355050 4056
2689 8359106 3579
2690 8362685 2076
2691 8364761 16405
2692 8381166 4492
2693 8385658 1180
2694 8386838 1952
2695 8388790 1381
2696 8390171 8207
2697 8398378 5204
2698 8403582 6876
2699 8410458 1892
2700 8412350 8153
2701 8420503 7554
2702 8428057 8492
2703 8436549 4982
2704 8441531 6712
2705 8448243 15123
2706 8463366 7574
2707 8470940 5114
2708 8476054 1402
2709 8477456 1603
2710 8479059 2185
2711 8481244 851
2712 8482095 6365
2713 8488460 2157
2714 8490617 8261
2715 8498878 4243
2716 8503121 1899
2717 8505020 5270
2718 8510290 5502
2719 8515792 9149
2720 8524941 4724
2721 8529665 9557
2722 8539222 3805
2723 8543027 1106
2724 8544133 1457
2725 8545590 1388
2726 8546978 9088
2727 8556066 328
2728 8556394 1755
2729 8558149 800
2730 8558949 1470
2731 8560419 12498
2732 8572917 8066
2733 8580983 4111
2734 8585094 5033
2735 8590127 4442
2736 8594569 8919
2737 8603488 2250
2738 8605738 5397
2739 8611135 2958
2740 8614093 3136
2741 8617229 1711
2742 8618940 8104
2743 8627044 3721
2744 8630765 14201
2745 8644966 3315
2746 8648281 3909
2747 8652190 4345
2748 8656535 11625
2749 8668160 962
2750 8669122 7960
2751 8677082 6231
2752 8683313 813
2753 8684126 5661
2754 8689787 15731
2755 8705518 949
2756 8706467 6046
2757 8712513 712
2758 8713225 5250
2759 8718475 7828
2760 8726303 1473
2761 8727776 4376
2762 8732152 736
2763 8732888 8877
2764 8741765 1392
2765 8743157 3344
2766 8746501 3694
2767 8750195 6350
2768 8756545 1502
2769 8758047 2692
2770 8760739 2108
2771 8762847 3118
2772 8765965 1619
2773 8767584 8510
2774 8776094 3505
2775 8779599 3397
2776 8782996 7914
2777 8790910 8184
2778 8799094 8609
2779 8807703 5681
2780 8813384 7050
2781 8820434 1809
2782 8822243 6419
2783 8828662 9051
2784 8837713 3869
2785 8841582 2744
2786 8844326 2409
2787 8846735 3880
2788 8850615 4827
2789 8855442 4265
2790 8859707 3265
2791 8862972 7042
2792 8870014 8533
2793 8878547 8471
2794 8887018 2814
2795 8889832 664
2796 8890496 4207
2797 8894703 8153
2798 8902856 8287
2799 8911143 5425
2800 8916568 7597
2801 8924165 6637
2802 8930802 2896
2803 8933698 1072
2804 8934770 3070
2805 8937840 10615
2806 8948455 7552
2807 8956007 7607
2808 8963614 1057
2809 8964671 2985
2810 8967656 8044
2811 8975700 6929
2812 8982629 4078
2813 8986707 9560
2814 8996267 9619
2815 9005886 2709
2816 9008595 3802
2817 9012397 5681
2818 9018078 14742
2819 9032820 3061
2820 9035881 4461
2821 9040342 7874
2822 9048216 6476
2823 9054692 2523
2824 9057215 3864
2825 9061079 3807
2826 9064886 1875
2827 9066761 3402
2828 9070163 5076
2829 9075239 2256
2830 9077495 1379
2831 9078874 4011
2832 9082885 1003
2833 9083888 3491
2834 9087379 3305
2835 9090684 3690
2836 9094374 3292
2837 9097666 2480
2838 9100146 1002
2839 9101148 1270
2840 9102418 8058
2841 9110476 6980
2842 9117456 4483
2843 9121939 7279
2844 9129218 1011
2845 9130229 3331
2846 9133560 9052
2847 9142612 2159
2848 9144771 6285
2849 9151056 6285
2850 9157341 1158
2851 9158499 836
2852 9159335 6815
2853 9166150 3597
2854 9169747 2696
2855 9172443 1039
2856 9173482 2692
2857 9176174 2766
2858 9178940 1942
2859 9180882 2443
2860 9183325 1569
2861 9184894 1153
2862 9186047 1153
2863 9187200 1145
2864 9188345 1153
2865 9189498 1153
2866 9190651 1153
2867 9191804 1153
2868 9192957 1131
2869 9194088 8056
2870 9202144 5531
2871 9207675 1337
2872 9209012 2018
2873 9211030 4750
2874 9215780 6760
2875 9222540 8143
2876 9230683 3910
2877 9234593 1250
2878 9235843 8809
2879 9244652 6041
2880 9250693 2078
2881 9252771 4444
2882 9257215 1953
2883 9259168 2412
2884 9261580 1287
2885 9262867 2940
2886 9265807 2172
2887 9267979 3026
2888 9271005 2605
2889 9273610 1530
2890 9275140 3416
2891 9278556 1671
2892 9280227 6363
2893 9286590 2481
2894 9289071 2165
2895 9291236 5064
2896 9296300 8542
2897 9304842 5188
2898 9310030 1485
2899 9311515 2486
2900 9314001 2375
2901 9316376 1837
2902 9318213 3504
2903 9321717 2437
2904 9324154 3925
2905 9328079 462
2906 9328541 2474
2907 9331015 2101
2908 9333116 2441
2909 9335557 2671
2910 9338228 7976
2911 9346204 5206
2912 9351410 5927
2913 9357337 4556
2914 9361893 2513
2915 9364406 2499
2916 9366905 7400
2917 9374305 1792
2918 9376097 1938
2919 9378035 662
2920 9378697 503
2921 9379200 621
2922 9379821 2590
2923 9382411 2525
2924 9384936 1937
2925 9386873 5771
2926 9392644 2047
2927 9394691 3830
2928 9398521 2396
2929 9400917 1592
2930 9402509 3022
2931 9405531 1791
2932 9407322 8328
2933 9415650 1715
2934 9417365 7391
2935 9424756 1312
2936 9426068 1088
2937 9427156 9041
2938 9436197 11204
2939 9447401 9205
2940 9456606 15936
2941 9472542 8714
2942 9481256 8397
2943 9489653 7335
2944 9496988 11214
2945 9508202 19483
2946 9527685 13543
2947 9541228 5472
2948 9546700 509
2949 9547209 849
2950 9548058 3208
2951 9551266 7341
2952 9558607 556
2953 9559163 1546
2954 9560709 3472
2955 9564181 2111
2956 9566292 9162
2957 9575454 8012
2958 9583466 8572
2959 9592038 4692
2960 9596730 2694
2961 9599424 4090
2962 9603514 7133
2963 9610647 3416
2964 9614063 2843
2965 9616906 696
2966 9617602 1067
2967 9618669 1647
2968 9620316 6645
2969 9626961 1359
2970 9628320 11403
2971 9639723 6335
2972 9646058 4425
2973 9650483 25664
2974 9676147 3755
2975 9679902 5144
2976 9685046 8376
2977 9693422 9753
2978 9703175 4630
2979 9707805 9583
2980 9717388 12772
2981 9730160 4691
2982 9734851 10921
2983 9745772 5114
2984 9750886 1764
2985 9752650 3821
2986 9756471 4775
2987 9761246 3717
2988 9764963 10688
2989 9775651 9867
2990 9785518 6817
2991 9792335 6056
2992 9798391 6561
2993 9804952 5786
2994 9810738 4084
2995 9814822 3908
2996 9818730 3487
2997 9822217 3850
2998 9826067 3339
2999 9829406 12231
3000 9841637 12824
3001 9854461 4238
3002 9858699 2867
3003 9861566 5576
3004 9867142 15851
3005 9882993 4284
3006 9887277 736
3007 9888013 1220
3008 9889233 4400
3009 9893633 4377
3010 9898010 2100
3011 9900110 12981
3012 9913091 8794
3013 9921885 7721
3014 9929606 10671
3015 9940277 7011
3016 9947288 8943
3017 9956231 2351
3018 9958582 8146
3019 9966728 8270
3020 9974998 3904
3021 9978902 5738
3022 9984640 2557
3023 9987197 13602
3024 10000799 4675
3025 10005474 548
3026 10006022 1547
3027 10007569 3092
3028 10010661 1492
3029 10012153 3272
3030 10015425 1223
3031 10016648 1793
3032 10018441 4578
3033 10023019 1100
3034 10024119 4204
3035 10028323 1838
3036 10030161 2152
3037 10032313 4942
3038 10037255 2621
3039 10039876 2612
3040 10042488 384
3041 10042872 1539
3042 10044411 1517
3043 10045928 2194
3044 10048122 1508
3045 10049630 1098
3046 10050728 2673
3047 10053401 1034
3048 10054435 351
3049 10054786 4578
3050 10059364 1298
3051 10060662 910
3052 10061572 3904
3053 10065476 1355
3054 10066831 3125
3055 10069956 2624
3056 10072580 558
3057 10073138 1304
3058 10074442 1255
3059 10075697 2511
3060 10078208 1212
3061 10079420 611
3062 10080031 1352
3063 10081383 7437
3064 10088820 3891
3065 10092711 7029
3066 10099740 1680
3067 10101420 1614
3068 10103034 2050
3069 10105084 1357
3070 10106441 529
3071 10106970 1367
3072 10108337 2306
3073 10110643 1555
3074 10112198 11516
3075 10123714 2067
3076 10125781 837
3077 10126618 941
3078 10127559 1082
3079 10128641 1841
3080 10130482 733
3081 10131215 11544
3082 10142759 1796
3083 10144555 2962
3084 10147517 3729
3085 10151246 970
3086 10152216 2217
3087 10154433 1245
3088 10155678 4758
3089 10160436 333
3090 10160769 7034
3091 10167803 1057
3092 10168860 1795
3093 10170655 2576
3094 10173231 1502
3095 10174733 1266
3096 10175999 1672
3097 10177671 3015
3098 10180686 1339
3099 10182025 6466
3100 10188491 2711
3101 10191202 465
3102 10191667 4247
3103 10195914 541
3104 10196455 1499
3105 10197954 2134
3106 10200088 2797
3107 10202885 3175
3108 10206060 1390
3109 10207450 1546
3110 10208996 1150
3111 10210146 1465
3112 10211611 2363
3113 10213974 611
3114 10214585 2707
3115 10217292 747
3116 10218039 5942
3117 10223981 3322
3118 10227303 8921
3119 10236224 4025
3120 10240249 2047
3121 10242296 3413
3122 10245709 7549
3123 10253258 2634
3124 10255892 2729
3125 10258621 9608
3126 10268229 19244
3127 10287473 3117
3128 10290590 2760
3129 10293350 5355
3130 10298705 2264
3131 10300969 4263
3132 10305232 6575
3133 10311807 979
3134 10312786 4888
3135 10317674 8277
3136 10325951 5348
3137 10331299 6642
3138 10337941 943
3139 10338884 3788
3140 10342672 2957
3141 10345629 3590
3142 10349219 2558
3143 10351777 3716
3144 10355493 4693
3145 10360186 9573
3146 10369759 9583
3147 10379342 11508
3148 10390850 2174
3149 10393024 4793
3150 10397817 3013
3151 10400830 1668
3152 10402498 5783
3153 10408281 2050
3154 10410331 1940
3155 10412271 8353
3156 10420624 8767
3157 10429391 2771
3158 10432162 4490
3159 10436652 3155
3160 10439807 1963
3161 10441770 10600
3162 10452370 6285
3163 10458655 4890
3164 10463545 5300
3165 10468845 1345
3166 10470190 1879
3167 10472069 3618
3168 10475687 3706
3169 10479393 2548
3170 10481941 7659
3171 10489600 6978
3172 10496578 6457
3173 10503035 8758
3174 10511793 3163
3175 10514956 2828
3176 10517784 1869
3177 10519653 7038
3178 10526691 3438
3179 10530129 2668
3180 10532797 1189
3181 10533986 11584
3182 10545570 10818
3183 10556388 9858
3184 10566246 6905
3185 10573151 8896
3186 10582047 2312
3187 10584359 546
3188 10584905 2783
3189 10587688 652
3190 10588340 4303
3191 10592643 2335
3192 10594978 9149
3193 10604127 6499
3194 10610626 1584
3195 10612210 7392
3196 10619602 2752
3197 10622354 7676
3198 10630030 4481
3199 10634511 2952
3200 10637463 6306
3201 10643769 9240
3202 10653009 2985
3203 10655994 4382
3204 10660376 3914
3205 10664290 1740
3206 10666030 6506
3207 10672536 5455
3208 10677991 5223
3209 10683214 8005
3210 10691219 1865
3211 10693084 2840
3212 10695924 6378
3213 10702302 3600
3214 10705902 6842
3215 10712744 10127
3216 10722871 2195
3217 10725066 3683
3218 10728749 2354
3219 10731103 3717
3220 10734820 2960
3221 10737780 3789
3222 10741569 1642
3223 10743211 10115
3224 10753326 2162
3225 10755488 4977
3226 10760465 2437
3227 10762902 1537
3228 10764439 7932
3229 10772371 6762
3230 10779133 4458
3231 10783591 9577
3232 10793168 6396
3233 10799564 5740
3234 10805304 2887
3235 10808191 5682
3236 10813873 10399
3237 10824272 4320
3238 10828592 6112
3239 10834704 4642
3240 10839346 2296
3241 10841642 3439
3242 10845081 8882
3243 10853963 1827
3244 10855790 5757
3245 10861547 4052
3246 10865599 4052
3247 10869651 2629
3248 10872280 396
3249 10872676 1877
3250 10874553 7360
3251 10881913 4440
3252 10886353 2452
3253 10888805 1768
3254 10890573 3101
3255 10893674 3536
3256 10897210 2807
3257 10900017 5220
3258 10905237 1197
3259 10906434 1188
3260 10907622 3130
3261 10910752 7606
3262 10918358 7638
3263 10925996 1208
3264 10927204 6034
3265 10933238 1712
3266 10934950 2350
3267 10937300 4823
3268 10942123 1745
3269 10943868 3367
3270 10947235 1945
3271 10949180 1196
3272 10950376 2654
3273 10953030 697
3274 10953727 2814
3275 10956541 5198
3276 10961739 1673
3277 10963412 2847
3278 10966259 4163
3279 10970422 1272
3280 10971694 1136
3281 10972830 1638
3282 10974468 1207
3283 10975675 1683
3284 10977358 850
3285 10978208 892
3286 10979100 3824
3287 10982924 857
3288 10983781 3128
3289 10986909 7829
3290 10994738 2563
3291 10997301 1528
3292 10998829 3174
3293 11002003 1182
3294 11003185 2713
3295 11005898 2370
3296 11008268 1370
3297 11009638 1056
3298 11010694 3689
3299 11014383 3080
3300 11017463 1487
3301 11018950 8344
3302 11027294 1488
3303 11028782 2074
3304 11030856 981
3305 11031837 1687
3306 11033524 1647
3307 11035171 939
3308 11036110 2445
3309 11038555 9612
3310 11048167 3962
3311 11052129 2826
3312 11054955 2713
3313 11057668 1265
3314 11058933 1119
3315 11060052 876
3316 11060928 996
3317 11061924 1011
3318 11062935 2373
3319 11065308 1755
3320 11067063 1164
3321 11068227 918
3322 11069145 1149
3323 11070294 1371
3324 11071665 1014
3325 11072679 1963
3326 11074642 2633
3327 11077275 1287
3328 11078562 2754
3329 11081316 2830
3330 11084146 3009
3331 11087155 1074
3332 11088229 3621
3333 11091850 2547
3334 11094397 4316
3335 11098713 3349
3336 11102062 5902
3337 11107964 3321
3338 11111285 936
3339 11112221 2340
3340 11114561 4618
3341 11119179 816
3342 11119995 5827
3343 11125822 1244
3344 11127066 6037
3345 11133103 890
3346 11133993 1631
3347 11135624 888
3348 11136512 3294
3349 11139806 6404
3350 11146210 844
3351 11147054 3430
3352 11150484 4056
3353 11154540 1265
3354 11155805 1099
3355 11156904 1818
3356 11158722 1551
3357 11160273 2510
3358 11162783 2510
3359 11165293 1764
3360 11167057 1395
3361 11168452 2920
3362 11171372 2451
3363 11173823 1584
3364 11175407 1876
3365 11177283 1097
3366 11178380 969
3367 11179349 3372
3368 11182721 1976
3369 11184697 1945
3370 11186642 2238
3371 11188880 1970
3372 11190850 3118
3373 11193968 1802
3374 11195770 3194
3375 11198964 539
3376 11199503 1120
3377 11200623 825
3378 11201448 2574
3379 11204022 1073
3380 11205095 2279
3381 11207374 1874
3382 11209248 1441
3383 11210689 740
3384 11211429 1689
3385 11213118 2543
3386 11215661 1579
3387 11217240 2296
3388 11219536 2395
3389 11221931 2258
3390 11224189 1083
3391 11225272 2524
3392 11227796 1437
3393 11229233 4168
3394 11233401 2117
3395 11235518 1808
3396 11237326 4218
3397 11241544 556
3398 11242100 847
3399 11242947 2573
3400 11245520 4220
3401 11249740 3560
3402 11253300 923
3403 11254223 3524
3404 11257747 1236
3405 11258983 2406
3406 11261389 2653
3407 11264042 3149
3408 11267191 5172
3409 11272363 5560
3410 11277923 4686
3411 11282609 5519
3412 11288128 1879
3413 11290007 3840
3414 11293847 6051
3415 11299898 2473
3416 11302371 4425
3417 11306796 984
3418 11307780 805
3419 11308585 4169
3420 11312754 2661
3421 11315415 2968
3422 11318383 1258
3423 11319641 1953
3424 11321594 2328
3425 11323922 2703
3426 11326625 2294
3427 11328919 1301
3428 11330220 4677
3429 11334897 4556
3430 11339453 3560
3431 11343013 3130
3432 11346143 4102
3433 11350245 4468
3434 11354713 2779
3435 11357492 3824
3436 11361316 2322
3437 11363638 1751
3438 11365389 2304
3439 11367693 20430
3440 11388123 3265
3441 11391388 4084
3442 11395472 1931
3443 11397403 8694
3444 11406097 2678
3445 11408775 5282
3446 11414057 5333
3447 11419390 3682
3448 11423072 4149
3449 11427221 5909
3450 11433130 3036
3451 11436166 5449
3452 11441615 1750
3453 11443365 2630
3454 11445995 5031
3455 11451026 4787
3456 11455813 3321
3457 11459134 5410
3458 11464544 5492
3459 11470036 4286
3460 11474322 2545
3461 11476867 4420
3462 11481287 7384
3463 11488671 4725
3464 11493396 920
3465 11494316 811
3466 11495127 2246
3467 11497373 1785
3468 11499158 950
3469 11500108 1844
3470 11501952 12088
3471 11514040 4428
3472 11518468 9953
3473 11528421 1130
3474 11529551 3374
3475 11532925 1413
3476 11534338 3515
3477 11537853 5353
3478 11543206 4668
3479 11547874 5529
3480 11553403 2584
3481 11555987 1551
3482 11557538 3311
3483 11560849 1885
3484 11562734 3272
3485 11566006 5076
3486 11571082 2124
3487 11573206 5802
3488 11579008 2315
3489 11581323 4216
3490 11585539 4907
3491 11590446 1321
3492 11591767 5500
3493 11597267 1265
3494 11598532 1978
3495 11600510 2682
3496 11603192 2427
3497 11605619 1225
3498 11606844 6797
3499 11613641 3184
3500 11616825 2618
3501 11619443 5237
3502 11624680 1940
3503 11626620 2583
3504 11629203 4768
3505 11633971 4725
3506 11638696 4491
3507 11643187 3107
3508 11646294 7671
3509 11653965 5793
3510 11659758 3531
3511 11663289 3346
3512 11666635 2386
3513 11669021 3496
3514 11672517 2197
3515 11674714 2062
3516 11676776 9134
3517 11685910 5399
3518 11691309 7490
3519 11698799 5424
3520 11704223 4835
3521 11709058 8215
3522 11717273 11891
3523 11729164 6308
3524 11735472 1461
3525 11736933 1886
3526 11738819 994
3527 11739813 5331
3528 11745144 2980
3529 11748124 699
3530 11748823 4219
3531 11753042 844
3532 11753886 3177
3533 11757063 762
3534 11757825 949
3535 11758774 4257
3536 11763031 3699
3537 11766730 1304
3538 11768034 1836
3539 11769870 1177
3540 11771047 1665
3541 11772712 906
3542 11773618 2522
3543 11776140 4391
3544 11780531 4696
3545 11785227 1132
3546 11786359 2261
3547 11788620 982
3548 11789602 1987
3549 11791589 920
3550 11792509 1218
3551 11793727 1508
3552 11795235 586
3553 11795821 3989
3554 11799810 1472
3555 11801282 4827
3556 11806109 2503
3557 11808612 2092
3558 11810704 2513
3559 11813217 2259
3560 11815476 3499
3561 11818975 1692
3562 11820667 1150
3563 11821817 2623
3564 11824440 2046
3565 11826486 1923
3566 11828409 4302
3567 11832711 14502
3568 11847213 2130
3569 11849343 6553
3570 11855896 13680
3571 11869576 9055
3572 11878631 3719
3573 11882350 4622
3574 11886972 3653
3575 11890625 5657
3576 11896282 1712
3577 11897994 4000
3578 11901994 1910
3579 11903904 9738
3580 11913642 6455
3581 11920097 2466
3582 11922563 4514
3583 11927077 7530
3584 11934607 2105
3585 11936712 3695
3586 11940407 4308
3587 11944715 1111
3588 11945826 2233
3589 11948059 3683
3590 11951742 2020
3591 11953762 3237
3592 11956999 2874
3593 11959873 7542
3594 11967415 437
3595 11967852 539
3596 11968391 11180
3597 11979571 4490
3598 11984061 3703
3599 11987764 8984
3600 11996748 3421
3601 12000169 2067
3602 12002236 2017
3603 12004253 7126
3604 12011379 6440
3605 12017819 2260
3606 12020079 14878
3607 12034957 6414
3608 12041371 1344
3609 12042715 1993
3610 12044708 2953
3611 12047661 2601
3612 12050262 2151
3613 12052413 1606
3614 12054019 767
3615 12054786 1405
3616 12056191 759
3617 12056950 408
3618 12057358 3997
3619 12061355 3065
3620 12064420 4168
3621 12068588 7563
3622 12076151 5423
3623 12081574 1379
3624 12082953 1186
3625 12084139 951
3626 12085090 1879
3627 12086969 2436
3628 12089405 5489
3629 12094894 8072
3630 12102966 2474
3631 12105440 935
3632 12106375 865
3633 12107240 1652
3634 12108892 2257
3635 12111149 7279
3636 12118428 1653
3637 12120081 4766
3638 12124847 2475
3639 12127322 3648
3640 12130970 2697
3641 12133667 6933
3642 12140600 2322
3643 12142922 3025
3644 12145947 4599
3645 12150546 2543
3646 12153089 2897
3647 12155986 1928
3648 12157914 1294
3649 12159208 4740
3650 12163948 1655
3651 12165603 1027
3652 12166630 1620
3653 12168250 1821
3654 12170071 4616
3655 12174687 1695
3656 12176382 2709
3657 12179091 9312
3658 12188403 1899
3659 12190302 2652
3660 12192954 3559
3661 12196513 6145
3662 12202658 3387
3663 12206045 2973
3664 12209018 7863
3665 12216881 1757
3666 12218638 2222
3667 12220860 1667
3668 12222527 985
3669 12223512 1697
3670 12225209 1796
3671 12227005 7364
3672 12234369 3155
3673 12237524 1699
3674 12239223 1431
3675 12240654 7674
3676 12248328 2010
3677 12250338 2135
3678 12252473 1804
3679 12254277 1700
3680 12255977 2098
3681 12258075 1180
3682 12259255 1984
3683 12261239 3145
3684 12264384 2468
3685 12266852 7737
3686 12274589 2673
3687 12277262 2032
3688 12279294 6185
3689 12285479 4247
3690 12289726 4366
3691 12294092 3730
3692 12297822 6843
3693 12304665 3612
3694 12308277 3300
3695 12311577 4621
3696 12316198 5262
3697 12321460 4453
3698 12325913 3421
3699 12329334 4127
3700 12333461 1161
3701 12334622 7924
3702 12342546 4577
3703 12347123 4387
3704 12351510 4382
3705 12355892 4095
3706 12359987 5558
3707 12365545 7771
3708 12373316 2357
3709 12375673 2145
3710 12377818 2954
3711 12380772 2951
3712 12383723 4614
3713 12388337 5418
3714 12393755 3170
3715 12396925 4096
3716 12401021 5418
3717 12406439 4689
3718 12411128 5107
3719 12416235 2502
3720 12418737 2742
3721 12421479 2979
3722 12424458 8233
3723 12432691 1250
3724 12433941 794
3725 12434735 4153
3726 12438888 3339
3727 12442227 1562
3728 12443789 9914
3729 12453703 3052
3730 12456755 8715
3731 12465470 3977
3732 12469447 5226
3733 12474673 4917
3734 12479590 8571
3735 12488161 4786
3736 12492947 3927
3737 12496874 544
3738 12497418 4687
3739 12502105 4378
3740 12506483 3813
3741 12510296 5818
3742 12516114 7210
3743 12523324 6444
3744 12529768 2579
3745 12532347 3358
3746 12535705 985
3747 12536690 22837
3748 12559527 18515
3749 12578042 2598
3750 12580640 8430
3751 12589070 1664
3752 12590734 2409
3753 12593143 7110
3754 12600253 3341
3755 12603594 10974
3756 12614568 2892
3757 12617460 3512
3758 12620972 3233
3759 12624205 4826
3760 12629031 7240
3761 12636271 6893
3762 12643164 6178
3763 12649342 1087
3764 12650429 2798
3765 12653227 3456
3766 12656683 1069
3767 12657752 2455
3768 12660207 1572
3769 12661779 6291
3770 12668070 13549
3771 12681619 2116
3772 12683735 12895
3773 12696630 6444
3774 12703074 2895
3775 12705969 5036
3776 12711005 1971
3777 12712976 9023
3778 12721999 6558
3779 12728557 2492
3780 12731049 6371
